10
10
0
0
2
Terrain-Start
0
100
0
Default
0
200
0
Default
0
300
0
Default
0
400
2
Terrain-End
0
500
0
Default
0
600
0
Default
0
700
0
Default
0
800
0
Default
0
900
0
Default
100
0
2
Terrain
100
100
0
Default
100
200
0
Default
100
300
0
Default
100
400
2
Terrain
100
500
0
Default
100
600
0
Default
100
700
0
Default
100
800
0
Default
100
900
0
Default
200
0
2
Terrain
200
100
0
Default
200
200
0
Default
200
300
0
Default
200
400
2
Terrain
200
500
0
Default
200
600
0
Default
200
700
0
Default
200
800
0
Default
200
900
0
Default
300
0
2
Terrain
300
100
0
Default
300
200
0
Default
300
300
0
Default
300
400
2
Terrain
300
500
0
Default
300
600
0
Default
300
700
0
Default
300
800
0
Default
300
900
0
Default
400
0
2
Terrain
400
100
0
Default
400
200
0
Default
400
300
0
Default
400
400
2
Terrain
400
500
0
Default
400
600
0
Default
400
700
0
Default
400
800
0
Default
400
900
0
Default
500
0
2
Terrain
500
100
0
Default
500
200
0
Default
500
300
0
Default
500
400
2
Terrain
500
500
0
Default
500
600
0
Default
500
700
0
Default
500
800
0
Default
500
900
0
Default
600
0
2
Terrain
600
100
2
Terrain
600
200
2
Terrain
600
300
2
Terrain
600
400
2
Terrain
600
500
0
Default
600
600
0
Default
600
700
0
Default
600
800
0
Default
600
900
0
Default
700
0
0
Default
700
100
0
Default
700
200
0
Default
700
300
0
Default
700
400
0
Default
700
500
0
Default
700
600
0
Default
700
700
0
Default
700
800
0
Default
700
900
0
Default
800
0
0
Default
800
100
0
Default
800
200
0
Default
800
300
0
Default
800
400
0
Default
800
500
0
Default
800
600
0
Default
800
700
0
Default
800
800
0
Default
800
900
0
Default
900
0
0
Default
900
100
0
Default
900
200
0
Default
900
300
0
Default
900
400
0
Default
900
500
0
Default
900
600
0
Default
900
700
0
Default
900
800
0
Default
900
900
0
Default
50, 50
54, 50
58, 50
62, 50
66, 50
70, 50
74, 50
78, 50
82, 50
86, 50
90, 50
94, 50
98, 50
102, 50
106, 50
110, 50
114, 50
118, 50
122, 50
126, 50
130, 50
134, 50
138, 50
142, 50
146, 50
150, 50
154, 50
158, 50
162, 50
166, 50
170, 50
174, 50
178, 50
182, 50
186, 50
190, 50
194, 50
198, 50
202, 50
206, 50
210, 50
214, 50
218, 50
222, 50
226, 50
230, 50
234, 50
238, 50
242, 50
246, 50
250, 50
254, 50
258, 50
262, 50
266, 50
270, 50
274, 50
278, 50
282, 50
286, 50
290, 50
294, 50
298, 50
302, 50
306, 50
310, 50
314, 50
318, 50
322, 50
326, 50
330, 50
334, 50
338, 50
342, 50
346, 50
350, 50
354, 50
358, 50
362, 50
366, 50
370, 50
374, 50
378, 50
382, 50
386, 50
390, 50
394, 50
398, 50
402, 50
406, 50
410, 50
414, 50
418, 50
422, 50
426, 50
430, 50
434, 50
438, 50
442, 50
446, 50
450, 50
454, 50
458, 50
462, 50
466, 50
470, 50
474, 50
478, 50
482, 50
486, 50
490, 50
494, 50
498, 50
502, 50
506, 50
510, 50
514, 50
518, 50
522, 50
526, 50
530, 50
534, 50
538, 50
542, 50
546, 50
550, 50
554, 50
558, 50
562, 50
566, 50
570, 50
574, 50
578, 50
582, 50
586, 50
590, 50
594, 50
598, 50
602, 50
606, 50
610, 50
614, 50
618, 50
622, 50
626, 50
630, 50
634, 50
638, 50
642, 50
646, 50
650, 50
650, 54
650, 58
650, 62
650, 66
650, 70
650, 74
650, 78
650, 82
650, 86
650, 90
650, 94
650, 98
650, 102
650, 106
650, 110
650, 114
650, 118
650, 122
650, 126
650, 130
650, 134
650, 138
650, 142
650, 146
650, 150
650, 154
650, 158
650, 162
650, 166
650, 170
650, 174
650, 178
650, 182
650, 186
650, 190
650, 194
650, 198
650, 202
650, 206
650, 210
650, 214
650, 218
650, 222
650, 226
650, 230
650, 234
650, 238
650, 242
650, 246
650, 250
650, 254
650, 258
650, 262
650, 266
650, 270
650, 274
650, 278
650, 282
650, 286
650, 290
650, 294
650, 298
650, 302
650, 306
650, 310
650, 314
650, 318
650, 322
650, 326
650, 330
650, 334
650, 338
650, 342
650, 346
650, 350
650, 354
650, 358
650, 362
650, 366
650, 370
650, 374
650, 378
650, 382
650, 386
650, 390
650, 394
650, 398
650, 402
650, 406
650, 410
650, 414
650, 418
650, 422
650, 426
650, 430
650, 434
650, 438
650, 442
650, 446
650, 450
646, 450
642, 450
638, 450
634, 450
630, 450
626, 450
622, 450
618, 450
614, 450
610, 450
606, 450
602, 450
598, 450
594, 450
590, 450
586, 450
582, 450
578, 450
574, 450
570, 450
566, 450
562, 450
558, 450
554, 450
550, 450
546, 450
542, 450
538, 450
534, 450
530, 450
526, 450
522, 450
518, 450
514, 450
510, 450
506, 450
502, 450
498, 450
494, 450
490, 450
486, 450
482, 450
478, 450
474, 450
470, 450
466, 450
462, 450
458, 450
454, 450
450, 450
446, 450
442, 450
438, 450
434, 450
430, 450
426, 450
422, 450
418, 450
414, 450
410, 450
406, 450
402, 450
398, 450
394, 450
390, 450
386, 450
382, 450
378, 450
374, 450
370, 450
366, 450
362, 450
358, 450
354, 450
350, 450
346, 450
342, 450
338, 450
334, 450
330, 450
326, 450
322, 450
318, 450
314, 450
310, 450
306, 450
302, 450
298, 450
294, 450
290, 450
286, 450
282, 450
278, 450
274, 450
270, 450
266, 450
262, 450
258, 450
254, 450
250, 450
246, 450
242, 450
238, 450
234, 450
230, 450
226, 450
222, 450
218, 450
214, 450
210, 450
206, 450
202, 450
198, 450
194, 450
190, 450
186, 450
182, 450
178, 450
174, 450
170, 450
166, 450
162, 450
158, 450
154, 450
150, 450
146, 450
142, 450
138, 450
134, 450
130, 450
126, 450
122, 450
118, 450
114, 450
110, 450
106, 450
102, 450
98, 450
94, 450
90, 450
86, 450
82, 450
78, 450
74, 450
70, 450
66, 450
62, 450
58, 450
54, 450
